[[ 1.00000000e+00 -1.09408449e-01 -4.05698273e-02  2.22774064e-02
  -2.56123832e-02  1.17692490e-02  7.64898472e-03  3.45104188e-03
   5.11650624e-03  2.06130365e-02  1.92528087e-02 -1.64299904e-02
  -1.15227348e-03 -4.06268815e-02]
 [-1.09408449e-01  1.00000000e+00  1.85403926e-02 -5.96254672e-03
   1.53946699e-02 -2.78020580e-03 -1.91051393e-02 -1.56803721e-02
  -5.29998199e-03  1.71386422e-02 -1.24251360e-02 -2.82646996e-02
  -1.76449575e-03  1.52808275e-02]
 [-4.05698273e-02  1.85403926e-02  1.00000000e+00 -8.08363111e-03
   4.11492051e-03  9.10377600e-03  1.11423873e-02  1.88991202e-03
   1.81426470e-03 -3.75205165e-03  6.22891052e-03  4.18556862e-03
  -3.21814076e-03  1.15587633e-02]
 [ 2.22774064e-02 -5.96254672e-03 -8.08363111e-03  1.00000000e+00
   1.34415586e-02  9.06243480e-03 -5.43537698e-04  5.80309867e-03
   1.09865282e-02  2.88945206e-02 -1.29630739e-03 -2.26541531e-02
   8.99143218e-03 -5.23071164e-03]
 [-2.56123832e-02  1.53946699e-02  4.11492051e-03  1.34415586e-02
   1.00000000e+00  2.61053368e-01  1.86302958e-01 -7.87225536e-02
  -5.40823225e-02 -2.46644734e-03  1.78557014e-02 -1.54964260e-01
  -1.38284103e-02  3.06754842e-01]
 [ 1.17692490e-02 -2.78020580e-03  9.10377600e-03  9.06243480e-03
   2.61053368e-01  1.00000000e+00  8.03567484e-01 -1.16330711e-01
  -6.53671814e-02  2.84855387e-01  1.07626717e-01 -4.03422441e-01
  -9.93585568e-03  4.86623755e-01]
 [ 7.64898472e-03 -1.91051393e-02  1.11423873e-02 -5.43537698e-04
   1.86302958e-01  8.03567484e-01  1.00000000e+00 -3.99937576e-02
  -3.84925386e-02  1.70783635e-01  1.29653236e-01  2.20616556e-02
  -1.88295968e-02  3.58259634e-01]
 [ 3.45104188e-03 -1.56803721e-02  1.88991202e-03  5.80309867e-03
  -7.87225536e-02 -1.16330711e-01 -3.99937576e-02  1.00000000e+00
   9.76412420e-01  1.44372169e-02 -1.02355394e-02  1.68953797e-01
   8.44730498e-03 -1.54843780e-01]
 [ 5.11650624e-03 -5.29998199e-03  1.81426470e-03  1.09865282e-02
  -5.40823225e-02 -6.53671814e-02 -3.84925386e-02  9.76412420e-01
   1.00000000e+00  4.54872261e-02 -1.01635838e-02  8.32051782e-02
   9.35473548e-03 -1.24557128e-01]
 [ 2.06130365e-02  1.71386422e-02 -3.75205165e-03  2.88945206e-02
  -2.46644734e-03  2.84855387e-01  1.70783635e-01  1.44372169e-02
   4.54872261e-02  1.00000000e+00 -1.92543039e-01 -3.41902210e-01
  -4.89026094e-02 -2.48259195e-01]
 [ 1.92528087e-02 -1.24251360e-02  6.22891052e-03 -1.29630739e-03
   1.78557014e-02  1.07626717e-01  1.29653236e-01 -1.02355394e-02
  -1.01635838e-02 -1.92543039e-01  1.00000000e+00  8.41214587e-04
  -1.42758405e-02 -2.05654617e-02]
 [-1.64299904e-02 -2.82646996e-02  4.18556862e-03 -2.26541531e-02
  -1.54964260e-01 -4.03422441e-01  2.20616556e-02  1.68953797e-01
   8.32051782e-02 -3.41902210e-01  8.41214587e-04  1.00000000e+00
  -1.54854266e-02 -3.55515036e-01]
 [-1.15227348e-03 -1.76449575e-03 -3.21814076e-03  8.99143218e-03
  -1.38284103e-02 -9.93585568e-03 -1.88295968e-02  8.44730498e-03
   9.35473548e-03 -4.89026094e-02 -1.42758405e-02 -1.54854266e-02
   1.00000000e+00 -1.77109559e-02]
 [-4.06268815e-02  1.52808275e-02  1.15587633e-02 -5.23071164e-03
   3.06754842e-01  4.86623755e-01  3.58259634e-01 -1.54843780e-01
  -1.24557128e-01 -2.48259195e-01 -2.05654617e-02 -3.55515036e-01
  -1.77109559e-02  1.00000000e+00]]