[[ 1.00000000e+00 -6.30824943e-02 -1.65735654e-02 -3.86319944e-03
   4.97088910e-03  9.66935582e-02  7.03395972e-02  5.00190047e-02
   5.83259583e-02  5.05572560e-02  1.64854921e-03 -2.03071432e-02
  -3.34267238e-03  6.48878346e-02]
 [-6.30824943e-02  1.00000000e+00  5.75672500e-02 -3.40929334e-03
   5.41134895e-03 -5.75743944e-03 -7.87703406e-03 -6.75183782e-03
  -7.31451134e-04 -2.28045074e-03 -9.18252252e-03 -2.50258718e-03
   2.10868539e-03 -3.07007193e-03]
 [-1.65735654e-02  5.75672500e-02  1.00000000e+00  9.53311812e-04
   2.67284395e-03  3.50001074e-03  2.75608109e-03 -2.76409964e-03
  -1.34407890e-03  6.61232008e-05  5.35653795e-04 -1.88599225e-03
  -1.16480074e-03  5.31495819e-03]
 [-3.86319944e-03 -3.40929334e-03  9.53311812e-04  1.00000000e+00
   1.49290285e-02  4.66883652e-03 -7.58295834e-04  7.77116631e-03
   1.17495396e-02  1.54114301e-02 -1.03107161e-03 -2.13745356e-02
   6.58915214e-03 -2.60207860e-03]
 [ 4.97088910e-03  5.41134895e-03  2.67284395e-03  1.49290285e-02
   1.00000000e+00  1.38179225e-01  9.55019787e-02 -8.91108517e-02
  -7.49679763e-02 -2.45642772e-02  5.44403029e-03 -2.99615065e-02
  -7.80058530e-03  1.93012474e-01]
 [ 9.66935582e-02 -5.75743944e-03  3.50001074e-03  4.66883652e-03
   1.38179225e-01  1.00000000e+00  9.48785512e-01 -5.08697121e-02
  -2.06566786e-02  6.10157685e-01  2.59347425e-01  1.22910950e-01
   1.75839868e-02  5.39506490e-01]
 [ 7.03395972e-02 -7.87703406e-03  2.75608109e-03 -7.58295834e-04
   9.55019787e-02  9.48785512e-01  1.00000000e+00 -1.40790216e-02
  -1.06183893e-02  5.94502257e-01  2.76500870e-01  2.93187523e-01
   1.50679949e-02  5.01419619e-01]
 [ 5.00190047e-02 -6.75183782e-03 -2.76409964e-03  7.77116631e-03
  -8.91108517e-02 -5.08697121e-02 -1.40790216e-02  1.00000000e+00
   9.77892745e-01  2.25255972e-04 -1.74814266e-02  7.79196393e-02
   6.60660976e-03 -7.05279446e-02]
 [ 5.83259583e-02 -7.31451134e-04 -1.34407890e-03  1.17495396e-02
  -7.49679763e-02 -2.06566786e-02 -1.06183893e-02  9.77892745e-01
   1.00000000e+00  1.60816731e-02 -1.82334540e-02  3.24311092e-02
   7.94708941e-03 -4.92874281e-02]
 [ 5.05572560e-02 -2.28045074e-03  6.61232008e-05  1.54114301e-02
  -2.45642772e-02  6.10157685e-01  5.94502257e-01  2.25255972e-04
   1.60816731e-02  1.00000000e+00 -4.58726980e-02 -1.21179253e-01
  -1.23084680e-02 -1.01826782e-01]
 [ 1.64854921e-03 -9.18252252e-03  5.35653795e-04 -1.03107161e-03
   5.44403029e-03  2.59347425e-01  2.76500870e-01 -1.74814266e-02
  -1.82334540e-02 -4.58726980e-02  1.00000000e+00 -1.25707085e-02
  -4.89860647e-03 -2.63046589e-02]
 [-2.03071432e-02 -2.50258718e-03 -1.88599225e-03 -2.13745356e-02
  -2.99615065e-02  1.22910950e-01  2.93187523e-01  7.79196393e-02
   3.24311092e-02 -1.21179253e-01 -1.25707085e-02  1.00000000e+00
  -1.20592871e-02 -1.44904214e-01]
 [-3.34267238e-03  2.10868539e-03 -1.16480074e-03  6.58915214e-03
  -7.80058530e-03  1.75839868e-02  1.50679949e-02  6.60660976e-03
   7.94708941e-03 -1.23084680e-02 -4.89860647e-03 -1.20592871e-02
   1.00000000e+00 -1.16689785e-02]
 [ 6.48878346e-02 -3.07007193e-03  5.31495819e-03 -2.60207860e-03
   1.93012474e-01  5.39506490e-01  5.01419619e-01 -7.05279446e-02
  -4.92874281e-02 -1.01826782e-01 -2.63046589e-02 -1.44904214e-01
  -1.16689785e-02  1.00000000e+00]]